# Max_Radius_AU: 346.62, Total_Mass_Loss_Rate_g_s: 2.92e+18, Total_Mass_Loss_Rate_Msun_yr: 4.64e-08
# Radius_AU Normalized_Mass_Loss_Rate Unnormalized_Mass_Loss_Rate
8.704536e-02	1.809231e-03	5.289639e+15
1.344841e-01	1.286394e-04	3.761023e+14
1.837000e-01	0.000000e+00	0.000000e+00
1.857567e+00	3.209756e-04	9.384345e+14
1.858566e+00	5.773078e-04	1.687871e+15
2.823084e+00	1.331741e-03	3.893604e+15
2.912533e+00	6.077086e-03	1.776754e+16
3.105496e+00	3.651494e-03	1.067585e+16
3.321599e+00	5.203727e-03	1.521410e+16
3.326485e+00	2.974579e-03	8.696757e+15
3.329693e+00	2.360116e-03	6.900256e+15
4.862250e+00	4.395135e-03	1.285003e+16
5.580431e+00	1.026956e-02	3.002504e+16
5.591407e+00	9.111168e-03	2.663827e+16
5.592224e+00	7.018684e-03	2.052048e+16
5.594535e+00	8.029614e-03	2.347613e+16
5.631015e+00	1.281467e-02	3.746618e+16
6.306663e+00	1.565651e-02	4.577485e+16
6.308329e+00	1.419596e-02	4.150464e+16
6.329501e+00	1.150642e-02	3.364126e+16
6.880172e+00	1.718936e-02	5.025643e+16
6.917095e+00	1.879369e-02	5.494700e+16
7.027658e+00	2.047346e-02	5.985814e+16
7.561060e+00	2.404175e-02	7.029073e+16
7.686542e+00	2.222320e-02	6.497382e+16
7.700166e+00	2.593092e-02	7.581406e+16
7.978110e+00	2.788838e-02	8.153710e+16
8.289949e+00	2.991359e-02	8.745817e+16
8.610304e+00	3.200687e-02	9.357829e+16
8.951692e+00	3.416760e-02	9.989560e+16
9.319170e+00	3.638745e-02	1.063858e+17
9.698659e+00	3.866621e-02	1.130482e+17
9.754057e+00	9.197770e-04	2.689146e+15
1.009737e+01	4.101210e-02	1.199068e+17
1.051083e+01	4.341376e-02	1.269285e+17
1.093153e+01	4.586572e-02	1.340973e+17
1.135813e+01	4.837362e-02	1.414297e+17
1.179849e+01	5.094013e-02	1.489333e+17
1.224108e+01	5.356102e-02	1.565960e+17
1.267823e+01	5.623380e-02	1.644104e+17
1.313571e+01	5.896334e-02	1.723908e+17
1.358261e+01	6.174460e-02	1.805223e+17
1.404386e+01	6.457529e-02	1.887984e+17
1.451921e+01	6.746173e-02	1.972374e+17
1.498127e+01	7.039943e-02	2.058264e+17
1.544946e+01	7.337428e-02	2.145239e+17
1.591928e+01	7.639369e-02	2.233518e+17
1.639372e+01	7.945485e-02	2.323017e+17
1.686870e+01	8.255562e-02	2.413674e+17
1.734449e+01	8.571323e-02	2.505992e+17
1.783214e+01	8.892980e-02	2.600035e+17
1.831122e+01	9.220356e-02	2.695750e+17
1.879984e+01	9.553663e-02	2.793199e+17
1.928893e+01	9.892825e-02	2.892359e+17
1.978009e+01	1.023725e-01	2.993060e+17
2.027153e+01	1.058635e-01	3.095126e+17
2.076873e+01	1.093939e-01	3.198343e+17
2.126992e+01	1.129542e-01	3.302435e+17
2.177394e+01	1.165449e-01	3.407417e+17
2.229556e+01	1.201777e-01	3.513629e+17
2.281290e+01	1.238503e-01	3.621003e+17
2.334740e+01	1.275574e-01	3.729387e+17
2.388613e+01	1.313040e-01	3.838926e+17
2.442103e+01	1.350879e-01	3.949557e+17
2.497532e+01	1.388861e-01	4.060605e+17
2.554869e+01	1.426970e-01	4.172023e+17
2.611363e+01	1.465314e-01	4.284128e+17
2.668717e+01	1.503919e-01	4.396999e+17
2.727356e+01	1.542892e-01	4.510944e+17
2.788171e+01	1.582188e-01	4.625833e+17
2.850772e+01	1.621797e-01	4.741638e+17
2.914259e+01	1.661838e-01	4.858705e+17
2.977049e+01	1.702220e-01	4.976771e+17
3.041233e+01	1.742825e-01	5.095487e+17
3.106584e+01	1.783766e-01	5.215186e+17
3.172371e+01	1.825178e-01	5.336262e+17
3.239470e+01	1.867181e-01	5.459067e+17
3.306823e+01	1.909849e-01	5.583814e+17
3.376088e+01	1.953232e-01	5.710652e+17
3.445644e+01	1.997217e-01	5.839253e+17
3.515711e+01	2.041659e-01	5.969186e+17
3.586471e+01	2.086627e-01	6.100659e+17
3.657411e+01	2.132126e-01	6.233683e+17
3.728247e+01	2.178134e-01	6.368198e+17
3.798414e+01	2.224614e-01	6.504092e+17
3.868371e+01	2.271444e-01	6.641007e+17
3.937578e+01	2.318469e-01	6.778493e+17
4.008304e+01	2.365638e-01	6.916401e+17
4.079317e+01	2.413054e-01	7.055030e+17
4.150100e+01	2.460830e-01	7.194714e+17
4.220341e+01	2.508852e-01	7.335116e+17
4.292620e+01	2.556814e-01	7.475342e+17
4.365150e+01	2.604585e-01	7.615009e+17
4.438514e+01	2.652422e-01	7.754871e+17
4.512623e+01	2.700375e-01	7.895069e+17
4.586676e+01	2.748502e-01	8.035779e+17
4.661379e+01	2.796868e-01	8.177185e+17
4.734773e+01	2.844964e-01	8.317803e+17
4.809955e+01	2.892642e-01	8.457199e+17
4.886507e+01	2.940375e-01	8.596757e+17
4.963547e+01	2.988269e-01	8.736783e+17
5.041193e+01	3.036277e-01	8.877145e+17
5.118396e+01	3.084077e-01	9.016896e+17
5.197879e+01	3.131471e-01	9.155461e+17
5.276700e+01	3.178872e-01	9.294050e+17
5.355110e+01	3.226422e-01	9.433070e+17
5.432441e+01	3.274025e-01	9.572248e+17
5.511793e+01	3.321396e-01	9.710746e+17
5.591601e+01	3.368522e-01	9.848528e+17
5.671489e+01	3.415561e-01	9.986055e+17
5.751693e+01	3.462518e-01	1.012334e+18
5.832745e+01	3.509283e-01	1.026007e+18
5.912789e+01	3.555842e-01	1.039619e+18
5.993793e+01	3.602456e-01	1.053248e+18
6.072221e+01	3.649112e-01	1.066889e+18
6.155259e+01	3.695713e-01	1.080513e+18
6.235528e+01	3.742119e-01	1.094081e+18
6.316727e+01	3.788169e-01	1.107545e+18
6.399694e+01	3.834109e-01	1.120976e+18
6.480989e+01	3.880162e-01	1.134440e+18
6.563135e+01	3.925878e-01	1.147806e+18
6.647897e+01	3.971237e-01	1.161068e+18
6.730325e+01	4.016728e-01	1.174368e+18
6.812744e+01	4.062203e-01	1.187664e+18
6.897368e+01	4.107465e-01	1.200897e+18
6.979671e+01	4.152489e-01	1.214061e+18
7.061331e+01	4.197287e-01	1.227158e+18
7.144938e+01	4.241843e-01	1.240185e+18
7.231779e+01	4.286001e-01	1.253096e+18
7.316106e+01	4.329911e-01	1.265933e+18
7.399638e+01	4.373775e-01	1.278758e+18
7.486418e+01	4.417589e-01	1.291568e+18
7.570160e+01	4.461254e-01	1.304334e+18
7.651702e+01	4.504583e-01	1.317002e+18
7.734909e+01	4.547641e-01	1.329591e+18
7.821872e+01	4.590518e-01	1.342127e+18
7.908504e+01	4.633189e-01	1.354603e+18
7.991826e+01	4.675659e-01	1.367019e+18
8.077891e+01	4.718009e-01	1.379401e+18
8.165368e+01	4.760313e-01	1.391770e+18
8.248164e+01	4.802384e-01	1.404070e+18
8.330009e+01	4.844146e-01	1.416280e+18
8.414003e+01	4.885681e-01	1.428423e+18
8.503471e+01	4.926923e-01	1.440481e+18
8.587974e+01	4.968008e-01	1.452493e+18
8.669756e+01	5.008992e-01	1.464476e+18
8.752512e+01	5.049554e-01	1.476335e+18
8.839857e+01	5.089676e-01	1.488065e+18
8.928492e+01	5.129826e-01	1.499804e+18
9.011762e+01	5.169900e-01	1.511520e+18
9.092345e+01	5.209463e-01	1.523087e+18
9.177111e+01	5.248698e-01	1.534559e+18
9.268812e+01	5.287898e-01	1.546019e+18
9.354806e+01	5.326943e-01	1.557435e+18
9.436145e+01	5.365679e-01	1.568760e+18
9.518890e+01	5.404064e-01	1.579983e+18
9.606290e+01	5.442111e-01	1.591107e+18
9.698896e+01	5.480104e-01	1.602215e+18
9.782186e+01	5.517901e-01	1.613265e+18
9.863811e+01	5.555194e-01	1.624169e+18
9.947303e+01	5.592210e-01	1.634991e+18
1.003799e+02	5.629194e-01	1.645804e+18
1.012891e+02	5.666053e-01	1.656580e+18
1.021033e+02	5.702590e-01	1.667263e+18
1.029094e+02	5.738722e-01	1.677827e+18
1.037222e+02	5.774331e-01	1.688238e+18
1.045526e+02	5.809493e-01	1.698518e+18
1.054617e+02	5.844403e-01	1.708725e+18
1.063878e+02	5.879112e-01	1.718872e+18
1.072239e+02	5.913515e-01	1.728931e+18
1.080402e+02	5.947440e-01	1.738850e+18
1.088725e+02	5.981055e-01	1.748677e+18
1.097664e+02	6.014699e-01	1.758514e+18
1.106644e+02	6.048486e-01	1.768392e+18
1.114905e+02	6.082652e-01	1.778381e+18
1.123472e+02	6.117108e-01	1.788455e+18
1.132006e+02	6.151398e-01	1.798480e+18
1.140161e+02	6.185545e-01	1.808464e+18
1.148848e+02	6.219604e-01	1.818422e+18
1.157840e+02	6.253352e-01	1.828289e+18
1.165964e+02	6.286643e-01	1.838022e+18
1.173878e+02	6.319451e-01	1.847614e+18
1.181913e+02	6.351864e-01	1.857091e+18
1.190156e+02	6.384087e-01	1.866511e+18
1.198773e+02	6.416144e-01	1.875884e+18
1.207777e+02	6.447872e-01	1.885160e+18
1.216551e+02	6.479202e-01	1.894320e+18
1.224583e+02	6.510239e-01	1.903395e+18
1.232589e+02	6.541166e-01	1.912437e+18
1.240908e+02	6.571909e-01	1.921425e+18
1.249482e+02	6.602286e-01	1.930306e+18
1.258333e+02	6.632291e-01	1.939079e+18
1.266724e+02	6.661940e-01	1.947747e+18
1.274590e+02	6.691321e-01	1.956338e+18
1.282646e+02	6.720598e-01	1.964897e+18
1.290752e+02	6.749740e-01	1.973417e+18
1.299027e+02	6.778617e-01	1.981860e+18
1.307296e+02	6.807201e-01	1.990217e+18
1.316093e+02	6.835417e-01	1.998467e+18
1.324947e+02	6.863375e-01	2.006641e+18
1.333052e+02	6.891254e-01	2.014792e+18
1.340966e+02	6.918912e-01	2.022878e+18
1.348859e+02	6.946243e-01	2.030869e+18
1.356750e+02	6.973200e-01	2.038750e+18
1.364851e+02	6.999894e-01	2.046555e+18
1.373343e+02	7.026459e-01	2.054322e+18
1.381968e+02	7.052656e-01	2.061981e+18
1.390184e+02	7.078328e-01	2.069487e+18
1.397903e+02	7.103496e-01	2.076845e+18
1.405717e+02	7.128190e-01	2.084064e+18
1.413684e+02	7.152615e-01	2.091206e+18
1.421790e+02	7.176706e-01	2.098249e+18
1.430296e+02	7.200197e-01	2.105117e+18
1.438855e+02	7.223063e-01	2.111803e+18
1.577812e+02	7.245415e-01	2.118338e+18
1.618995e+02	7.267335e-01	2.124746e+18
1.638954e+02	7.288695e-01	2.130991e+18
1.642778e+02	7.309343e-01	2.137028e+18
1.653849e+02	7.329201e-01	2.142834e+18
1.704027e+02	7.348382e-01	2.148442e+18
1.785974e+02	7.367186e-01	2.153940e+18
1.827555e+02	7.385551e-01	2.159309e+18
1.867076e+02	7.403215e-01	2.164474e+18
1.882359e+02	7.436174e-01	2.174110e+18
1.892375e+02	7.420038e-01	2.169392e+18
1.895288e+02	7.451974e-01	2.178729e+18
1.908399e+02	7.467306e-01	2.183212e+18
1.918074e+02	7.481874e-01	2.187471e+18
1.925936e+02	7.495859e-01	2.191560e+18
1.933826e+02	7.509608e-01	2.195580e+18
1.946785e+02	7.523079e-01	2.199518e+18
1.952742e+02	7.536094e-01	2.203323e+18
1.964221e+02	7.548760e-01	2.207026e+18
1.970257e+02	7.560765e-01	2.210536e+18
1.975850e+02	7.571911e-01	2.213795e+18
1.984955e+02	7.582791e-01	2.216976e+18
1.988725e+02	7.593753e-01	2.220181e+18
1.990677e+02	7.604498e-01	2.223322e+18
1.994223e+02	7.614691e-01	2.226302e+18
2.001377e+02	7.644015e-01	2.234876e+18
2.007280e+02	7.711072e-01	2.254481e+18
2.011136e+02	7.843497e-01	2.293199e+18
2.049256e+02	8.106088e-01	2.369972e+18
3.098106e+02	8.422293e-01	2.462421e+18
3.221000e+02	8.698384e-01	2.543141e+18
3.254146e+02	8.922363e-01	2.608626e+18
3.287250e+02	9.084101e-01	2.655913e+18
3.314373e+02	9.218797e-01	2.695294e+18
3.341527e+02	9.342293e-01	2.731400e+18
3.360698e+02	9.570751e-01	2.798195e+18
3.362825e+02	9.458231e-01	2.765297e+18
3.381873e+02	9.682094e-01	2.830748e+18
3.444461e+02	9.791183e-01	2.862642e+18
3.459822e+02	9.896589e-01	2.893460e+18
3.466198e+02	1.000000e+00	2.923694e+18
