# Max_Radius_AU: 187.75, Total_Mass_Loss_Rate_g_s: 2.10e+18, Total_Mass_Loss_Rate_Msun_yr: 3.33e-08
# Radius_AU Normalized_Mass_Loss_Rate Unnormalized_Mass_Loss_Rate
1.337780e-02	1.828494e-04	3.842176e+14
4.073140e-02	9.455580e-05	1.986882e+14
7.653410e-02	4.864910e-04	1.022254e+15
1.585038e-01	3.442637e-05	7.233943e+13
2.192632e-01	0.000000e+00	0.000000e+00
3.280212e-01	3.172191e-04	6.665660e+14
6.532815e-01	6.931998e-04	1.456606e+15
9.300679e-01	9.429324e-04	1.981365e+15
3.019014e+00	6.028061e-03	1.266664e+16
3.830740e+00	6.803195e-03	1.429541e+16
3.856028e+00	2.396221e-03	5.035131e+15
3.872873e+00	1.964988e-03	4.128990e+15
3.872874e+00	1.577623e-03	3.315027e+15
3.924765e+00	3.417651e-03	7.181439e+15
3.925198e+00	1.145763e-02	2.407568e+16
3.930057e+00	2.884396e-03	6.060922e+15
3.953080e+00	3.996322e-03	8.397390e+15
4.256580e+00	8.507331e-03	1.787628e+16
4.257911e+00	5.301053e-03	1.113899e+16
4.258245e+00	1.041752e-02	2.189012e+16
4.260879e+00	7.626190e-03	1.602476e+16
4.317758e+00	1.368929e-02	2.876503e+16
4.321594e+00	1.233742e-03	2.592437e+15
4.323197e+00	9.437637e-03	1.983111e+16
4.752976e+00	4.625908e-03	9.720326e+15
4.969285e+00	1.614005e-02	3.391476e+16
4.976464e+00	2.323586e-02	4.882503e+16
4.979585e+00	2.022279e-02	4.249374e+16
4.981487e+00	1.744528e-02	3.665741e+16
4.982579e+00	2.170073e-02	4.559930e+16
5.036469e+00	1.880681e-02	3.951837e+16
5.422261e+00	2.648784e-02	5.565835e+16
5.766083e+00	1.254806e-02	2.636698e+16
5.905694e+00	2.482910e-02	5.217288e+16
5.921733e+00	1.488880e-02	3.128552e+16
6.727996e+00	2.998013e-02	6.299664e+16
6.821254e+00	2.820324e-02	5.926289e+16
7.028614e+00	3.371509e-02	7.084483e+16
7.046712e+00	9.089824e-02	1.910026e+17
7.501783e+00	3.181848e-02	6.685952e+16
7.503283e+00	3.567906e-02	7.497169e+16
7.515764e+00	3.978273e-02	8.359464e+16
7.610363e+00	3.770177e-02	7.922196e+16
7.865273e+00	4.413249e-02	9.273470e+16
7.924836e+00	4.639790e-02	9.749496e+16
7.999780e+00	4.192909e-02	8.810473e+16
8.203165e+00	5.113112e-02	1.074408e+17
8.368552e+00	4.873386e-02	1.024035e+17
8.447794e+00	5.358624e-02	1.125997e+17
8.649381e+00	5.610027e-02	1.178823e+17
8.775739e+00	6.130567e-02	1.288203e+17
8.867128e+00	6.399997e-02	1.344818e+17
8.924430e+00	6.675374e-02	1.402683e+17
8.948332e+00	5.867229e-02	1.232869e+17
9.141231e+00	7.536630e-02	1.583657e+17
9.237591e+00	7.243365e-02	1.522033e+17
9.246756e+00	7.836297e-02	1.646625e+17
9.385846e+00	8.141377e-02	1.710731e+17
9.418806e+00	2.921403e-01	6.138683e+17
9.491309e+00	8.451917e-02	1.775984e+17
9.546701e+00	6.956508e-02	1.461757e+17
9.628611e+00	8.768135e-02	1.842430e+17
9.805020e+00	9.416822e-02	1.978737e+17
1.007836e+01	1.008647e-01	2.119450e+17
1.021647e+01	1.042970e-01	2.191570e+17
1.039214e+01	9.748892e-02	2.048515e+17
1.040303e+01	1.113108e-01	2.338950e+17
1.065920e+01	1.620685e-01	3.405512e+17
1.073249e+01	1.077790e-01	2.264738e+17
1.074908e+01	1.148944e-01	2.414253e+17
1.084896e+01	1.185302e-01	2.490650e+17
1.094929e+01	1.222146e-01	2.568071e+17
1.114640e+01	1.259515e-01	2.646593e+17
1.131688e+01	1.297491e-01	2.726391e+17
1.139124e+01	1.336004e-01	2.807318e+17
1.171619e+01	1.414598e-01	2.972465e+17
1.178916e+01	1.454719e-01	3.056770e+17
1.191613e+01	1.375026e-01	2.889315e+17
1.209522e+01	1.536547e-01	3.228715e+17
1.229793e+01	1.495355e-01	3.142160e+17
1.231798e+01	1.578353e-01	3.316560e+17
1.299881e+01	1.706852e-01	3.586574e+17
1.303359e+01	1.663511e-01	3.495502e+17
1.315540e+01	1.750695e-01	3.678700e+17
1.328644e+01	1.885169e-01	3.961266e+17
1.340469e+01	1.795023e-01	3.771844e+17
1.350515e+01	1.839861e-01	3.866063e+17
1.414628e+01	1.930882e-01	4.057322e+17
1.468324e+01	1.977018e-01	4.154267e+17
1.491844e+01	3.684975e-01	7.743163e+17
1.494843e+01	2.070407e-01	4.350505e+17
1.505053e+01	2.023519e-01	4.251978e+17
1.529736e+01	2.117738e-01	4.449960e+17
1.546413e+01	2.165469e-01	4.550255e+17
1.571268e+01	2.213557e-01	4.651302e+17
1.589942e+01	2.261991e-01	4.753076e+17
1.621390e+01	2.310728e-01	4.855485e+17
1.635143e+01	2.409237e-01	5.062479e+17
1.667282e+01	2.359807e-01	4.958614e+17
1.714262e+01	2.458965e-01	5.166974e+17
1.740385e+01	2.509023e-01	5.272158e+17
1.764036e+01	2.559394e-01	5.378002e+17
1.802887e+01	2.610130e-01	5.484612e+17
1.844517e+01	2.661221e-01	5.591969e+17
1.926296e+01	2.712617e-01	5.699966e+17
1.935562e+01	2.764329e-01	5.808628e+17
1.950458e+01	2.816375e-01	5.917991e+17
1.967894e+01	2.868743e-01	6.028031e+17
1.968275e+01	3.407575e-01	7.160267e+17
1.983195e+01	2.974363e-01	6.249968e+17
2.079825e+01	3.027584e-01	6.361801e+17
2.194284e+01	3.134904e-01	6.587310e+17
2.218417e+01	3.081105e-01	6.474262e+17
2.223782e+01	3.188933e-01	6.700840e+17
2.291375e+01	3.243242e-01	6.814957e+17
2.340618e+01	3.297778e-01	6.929553e+17
2.370697e+01	3.352550e-01	7.044644e+17
2.476127e+01	3.462807e-01	7.276326e+17
2.549091e+01	3.518139e-01	7.392593e+17
2.607514e+01	3.573562e-01	7.509052e+17
2.651982e+01	3.740896e-01	7.860668e+17
2.731986e+01	3.629174e-01	7.625909e+17
2.761177e+01	3.797003e-01	7.978565e+17
2.922904e+01	3.853314e-01	8.096889e+17
2.965598e+01	3.909736e-01	8.215448e+17
2.989157e+01	4.022696e-01	8.452808e+17
3.016136e+01	3.966197e-01	8.334088e+17
3.168933e+01	4.079349e-01	8.571852e+17
3.271372e+01	4.193117e-01	8.810911e+17
3.354349e+01	4.250034e-01	8.930508e+17
3.421934e+01	4.136183e-01	8.691276e+17
3.438672e+01	4.306999e-01	9.050208e+17
3.606521e+01	4.364045e-01	9.170078e+17
3.644601e+01	4.478590e-01	9.410769e+17
3.701450e+01	4.535992e-01	9.531387e+17
3.772493e+01	4.421243e-01	9.290268e+17
3.776653e+01	4.593388e-01	9.651992e+17
3.808262e+01	4.650725e-01	9.772473e+17
3.957291e+01	4.708101e-01	9.893035e+17
4.030347e+01	4.765409e-01	1.001346e+18
4.128012e+01	4.822622e-01	1.013368e+18
4.256624e+01	4.879879e-01	1.025399e+18
4.284749e+01	4.937213e-01	1.037446e+18
4.449242e+01	4.994586e-01	1.049502e+18
4.452887e+01	5.051797e-01	1.061524e+18
4.558494e+01	5.108892e-01	1.073521e+18
4.658076e+01	5.165989e-01	1.085519e+18
4.759802e+01	5.223066e-01	1.097512e+18
4.787713e+01	5.280117e-01	1.109500e+18
4.983149e+01	5.393791e-01	1.133386e+18
4.997283e+01	5.336997e-01	1.121452e+18
5.119934e+01	5.450590e-01	1.145321e+18
5.215317e+01	5.507199e-01	1.157216e+18
5.292879e+01	5.563694e-01	1.169088e+18
5.423978e+01	5.620182e-01	1.180957e+18
5.483326e+01	5.676454e-01	1.192782e+18
5.621645e+01	5.732575e-01	1.204574e+18
5.691724e+01	5.788659e-01	1.216359e+18
5.836193e+01	5.844742e-01	1.228144e+18
6.035399e+01	5.956478e-01	1.251622e+18
6.093274e+01	5.900773e-01	1.239917e+18
6.114895e+01	6.122637e-01	1.286537e+18
6.142269e+01	6.012015e-01	1.263292e+18
6.269857e+01	6.067489e-01	1.274949e+18
6.477282e+01	6.177538e-01	1.298073e+18
6.606496e+01	6.232366e-01	1.309594e+18
6.737775e+01	6.286923e-01	1.321058e+18
6.950550e+01	6.395321e-01	1.343836e+18
6.951945e+01	6.341183e-01	1.332460e+18
7.097401e+01	6.449196e-01	1.355156e+18
7.142696e+01	6.502773e-01	1.366414e+18
7.246923e+01	6.556214e-01	1.377644e+18
7.392417e+01	6.609407e-01	1.388821e+18
7.482557e+01	6.662311e-01	1.399938e+18
7.582505e+01	6.715118e-01	1.411034e+18
7.694321e+01	6.767680e-01	1.422079e+18
7.883634e+01	6.819822e-01	1.433035e+18
7.960151e+01	6.871838e-01	1.443965e+18
8.108669e+01	8.486505e-01	1.783252e+18
8.179828e+01	6.975009e-01	1.465644e+18
8.303406e+01	6.923671e-01	1.454857e+18
8.319731e+01	7.026075e-01	1.476375e+18
8.415677e+01	7.076931e-01	1.487061e+18
8.643621e+01	7.177514e-01	1.508196e+18
8.649094e+01	7.127364e-01	1.497658e+18
8.738948e+01	7.227435e-01	1.518686e+18
8.940663e+01	7.276904e-01	1.529081e+18
8.992632e+01	7.326103e-01	1.539419e+18
9.136937e+01	7.375448e-01	1.549788e+18
9.246424e+01	7.425547e-01	1.560315e+18
9.297935e+01	8.042795e-01	1.690016e+18
9.349927e+01	7.476818e-01	1.571089e+18
9.494025e+01	7.528824e-01	1.582016e+18
9.786645e+01	7.633185e-01	1.603945e+18
9.914197e+01	7.581045e-01	1.592989e+18
1.018284e+02	7.685180e-01	1.614871e+18
1.023334e+02	7.736964e-01	1.625752e+18
1.040897e+02	7.788403e-01	1.636561e+18
1.054034e+02	7.839686e-01	1.647337e+18
1.061720e+02	7.890825e-01	1.658083e+18
1.082108e+02	7.992314e-01	1.679408e+18
1.097582e+02	8.092916e-01	1.700548e+18
1.107781e+02	7.941658e-01	1.668764e+18
1.111879e+02	8.142814e-01	1.711033e+18
1.122925e+02	8.192629e-01	1.721500e+18
1.132235e+02	8.242180e-01	1.731912e+18
1.161830e+02	8.291475e-01	1.742271e+18
1.166602e+02	8.340650e-01	1.752604e+18
1.177549e+02	8.438099e-01	1.773080e+18
1.181674e+02	8.389532e-01	1.762875e+18
1.228695e+02	8.534580e-01	1.793354e+18
1.242100e+02	8.582183e-01	1.803357e+18
1.255595e+02	8.629549e-01	1.813310e+18
1.265426e+02	8.676689e-01	1.823215e+18
1.286792e+02	8.723361e-01	1.833022e+18
1.301804e+02	8.769721e-01	1.842763e+18
1.312543e+02	8.815834e-01	1.852453e+18
1.336756e+02	8.861515e-01	1.862052e+18
1.352586e+02	8.906923e-01	1.871594e+18
1.382431e+02	8.952014e-01	1.881068e+18
1.397373e+02	9.040735e-01	1.899711e+18
1.423047e+02	8.996552e-01	1.890427e+18
1.435203e+02	9.084599e-01	1.908928e+18
1.458108e+02	9.170600e-01	1.926999e+18
1.468472e+02	9.213064e-01	1.935922e+18
1.492039e+02	9.254954e-01	1.944724e+18
1.495752e+02	9.296290e-01	1.953410e+18
1.507636e+02	9.127839e-01	1.918014e+18
1.510602e+02	9.337293e-01	1.962026e+18
1.520846e+02	9.377733e-01	1.970524e+18
1.546224e+02	9.456946e-01	1.987169e+18
1.563625e+02	9.495689e-01	1.995310e+18
1.565124e+02	9.417553e-01	1.978891e+18
1.580843e+02	9.533704e-01	2.003298e+18
1.593824e+02	9.571199e-01	2.011176e+18
1.609080e+02	9.607912e-01	2.018891e+18
1.624246e+02	9.643709e-01	2.026413e+18
1.644609e+02	9.678809e-01	2.033788e+18
1.662484e+02	9.713242e-01	2.041024e+18
1.685590e+02	9.747150e-01	2.048149e+18
1.701114e+02	9.780242e-01	2.055102e+18
1.719423e+02	9.812259e-01	2.061830e+18
1.742968e+02	9.843522e-01	2.068399e+18
1.758768e+02	9.873533e-01	2.074705e+18
1.788055e+02	9.902043e-01	2.080696e+18
1.806787e+02	9.929563e-01	2.086479e+18
1.833848e+02	9.956015e-01	2.092037e+18
1.850045e+02	9.980227e-01	2.097125e+18
1.877542e+02	1.000000e+00	2.101279e+18
