# X-ray luminosity function for stars randing between 0.5-0.9 Msun
# from Preibisch & Feigelson, 2005

28.71
29.08
29.24
29.26
29.39
29.40
29.53
29.58
29.59
29.61
29.63
29.63
29.72
29.74
29.75
29.79
29.84
29.86
29.90
30.00
30.04
30.05
30.05
30.07
30.11
30.14
30.14
30.16
30.16
30.16
30.17
30.20
30.24
30.27
30.31
30.33
30.34
30.37
30.40
30.40
30.41
30.43
30.43
30.44
30.47
30.48
30.53
30.53
30.58
30.59
30.59
30.61
30.62
30.63
30.63
30.64
30.68
30.68
30.73
30.77
30.78
30.80
30.90
30.90
30.93
31.00
31.02
31.03
31.09
31.10
31.16
31.20
31.20
31.20
31.24
31.32

